1 45 
1 96 
1 257 
1 388 
1 563 
1 585 
1 604 
1 615 
1 620 
1 687 
1 707 
1 736 
1 785 
1 851 
1 922 
1 980 
1 1013 
1 1084 
1 1093 
1 1202 
1 1280 
1 1307 
1 1310 
1 1371 
1 1383 
1 1514 
1 1556 
1 1703 
1 1709 
1 1741 
1 1744 
1 1823 
1 1843 
1 1872 
1 1886 
1 1919 
1 1929 
1 1942 
1 2107 
1 2141 
1 2154 
1 2236 
1 2243 
1 2321 
1 2348 
1 2378 
1 2387 
1 2531 
1 2580 
1 2613 
1 2719 
1 2757 
1 2776 
1 2854 
1 2862 
1 2882 
1 2900 
1 2921 
1 2962 
1 2971 
1 2988 
1 3037 
1 3088 
1 3101 
1 3127 
1 3133 
1 3134 
1 3137 
1 3167 
1 3193 
1 3229 
1 3242 
1 3387 
1 3399 
1 3418 
1 3439 
1 3441 
1 3524 
1 3556 
1 3573 
1 3677 
1 3723 
1 3841 
1 3974 
1 4132 
1 4159 
1 4186 
1 4295 
1 4306 
1 4327 
1 4392 
1 4428 
1 4433 
1 4495 
1 4519 
1 4714 
1 4737 
1 4746 
1 4954 
1 4979 
1 5033 
1 5163 
1 5211 
1 5240 
1 5251 
1 5327 
1 5351 
1 5357 
1 5391 
1 5411 
1 5449 
1 5570 
1 5597 
1 5605 
1 5733 
1 5770 
1 5810 
1 5823 
1 5834 
1 5865 
1 5887 
1 5898 
1 5923 
1 5930 
1 5957 
1 5963 
1 6075 
1 6086 
1 6105 
1 6205 
1 6218 
1 6417 
1 6423 
1 6436 
1 6530 
1 6640 
1 6648 
1 6669 
1 6695 
1 6712 
1 6716 
1 6752 
1 6770 
1 6775 
1 6790 
1 6807 
1 6810 
1 6840 
1 6852 
1 6872 
1 6901 
1 6914 
1 6922 
1 6982 
1 7007 
1 7061 
1 7273 
1 7281 
1 7337 
1 7440 
1 7473 
1 7545 
1 7588 
1 7593 
1 7609 
1 7618 
1 7629 
1 7662 
1 7671 
1 7696 
1 7705 
1 7765 
1 7887 
1 7900 
1 7915 
1 7960 
1 7996 
1 7998 
1 8014 
1 8043 
1 8051 
1 8122 
1 8126 
1 8134 
1 8152 
1 8154 
1 8182 
1 8218 
1 8245 
1 8246 
1 8259 
1 8287 
1 8346 
1 8377 
1 8416 
1 8429 
1 8445 
1 8474 
1 8545 
1 8563 
1 8567 
1 8584 
1 8591 
1 8599 
1 8603 
1 8647 
1 8650 
1 8663 
1 8670 
1 8691 
1 8743 
1 8775 
1 8800 
1 8829 
1 8879 
1 8997 
1 9036 
1 9181 
1 9182 
1 9251 
1 9284 
1 9322 
1 9418 
1 9538 
1 9691 
1 9722 
1 9804 
1 9881 
1 9979 
1 10040 
1 10053 
1 10122 
1 10169 
1 10172 
1 10176 
1 10183 
1 10256 
1 10316 
1 10462 
1 10554 
